2699
3326
2900
2604
2019
1832
2063
1310
2097
2504
1312
2706
2903
2373
1836
1837
1838
1920
1309
1859
2705
1311
2707
1313
3238
3248
3250
3251
3254
3252
3249
3247
3253
3246
1700
1701
1702
1704
2669
1332
1703
2450
3554
2549
2730
1991
1990
1547
2481
2647
2648
2646
1372
1773
3682
3686
3706
3707
2117
2758
3096
3618
3683
3731
3729
3084
1234
1835
3278
1788
1329
1563
1330
1497
3195
2459
2016
1370
3772
1929
1927
1926
3421
1928
1930
1789
3020
3161
3162
3164
3163
3165
3166
3169
3167
3170
3175
3176
3177
3178
3179
3180
3181
3182
3183
3184
3192
3185
3187
3186
3188
3189
3190
3191
3727
3730
3728
2862
3196
3197
3198
3229
1365
3224
3599
2833
2212
1573
1577
1698
2054
3327
1314
2015
2149
2150
2151
1905
1995
2155
1992
2852
1993
2851
2854
1268
1994
2853
2120
1287
1288
3715
3714
3713
1981
1982
1591
2156
2638
1921
3695
3614
3354
2183
2496
1693
1873
1691
3168
2762
2002
2377
2410
2236
2214
1694
1665
2499
2407
2003
2406
2408
2007
3194
2868
1919
1918
1825
2870
1690
3725
3569
2256
2383
3245
2381
3160
2239
3684
1371
3556
1961
2769
3239
1436
2257
2770
2668
1925
1820
2234
2532
2785
2872
2874
2060
2768
2695
2162
1906
1907
1908
2865
2497
1389
1692
1435
3226
3227
2484
2402
2087
2345
2636
1996
1973
2416
2344
2224
2400
2401
2225
2490
2343
2403
2417
2004
3749
3748
3735
3732
3733
3734
1848
2525
2524
2346
3705
3412
1651
3604
1854
3702
2530
1830
3696
3364
3704
3426
1855
3433
1850
1856
2526
1847
3453
1828
1831
2528
2529
1852
1829
2527
1853
3701
3567
3693
1849
1851
1857
3703
3700
3699
1592
1373
2142
1705
3607
3608
2037
3709
3606
3609
3708
1331
2732
2548
2786
2787
2788
2199
3133
3260
1236
2241
2258
1235
1397
2754
3258
2515
3321
2516
2753
1922
1270
3244
3401
3418
3410
1846
3241
3400
3411
2204
2129
3392
2197
2194
2193
2172
2196
2195
2837
3110
2823
2245
2513
2783
1939
2192
2146
1320
1321
1711
2028
3193
3086
1279
2175
3552
3087
2429
2782
3082
3085
2446
2268
2517
2537
3088
1804
1517
1570
2508
1758
2523
1269
2533
3781
3664
3362
3775
3361
1888
2026
2027
2253
3021
3022
3023
3028
3025
3767
3027
3029
3030
3031
3032
3024
3033
3026
1387
2493
2538
2752
3089
3172
3108
1759
1614
1565
2492
2618
3076
3090
3137
1654
1893
3710
1621
3743
1983
2486
2487
2488
2489
1301
3357
3358
3724
3667
2440
2040
2441
3434
3550
3549
1278
1776
2255
1998
3622
2186
2180
2178
2182
2177
2188
2189
2187
2190
2181
2185
3620
2184
2179
1297
1388
1298
2045
2623
2500
3035
1524
2838
2469
2475
2470
2476
2477
2471
2473
2474
2472
3720
3432
2632
2321
1500
2263
1296
1247
1938
2571
2771
1710
1942
1941
1943
2572
2448
2384
1801
1889
3662
2385
3360
3232
3233
3234
3661
2813
3774
3771
1305
1890
3680
3431
3143
2260
1243
2237
2505
2275
3093
2261
2128
2029
3390
3389
2030
1615
1824
3388
3387
3386
3385
2126
3384
3383
2125
3382
1970
3381
3380
2124
1823
3379
1616
3378
3377
3376
3375
2127
3374
1245
1355
1451
3371
3398
2393
1865
2687
3142
1363
1354
2267
2535
2734
3041
3097
1346
1396
3115
2102
2176
2394
1924
2784
2114
1257
1826
1340
1874
1276
1839
1871
1347
1912
2498
1872
2032
3231
2427
2494
3136
3279
1910
1979
1980
1985
2067
2357
2358
2409
2575
2637
2861
2122
2018
1485
1484
3393
1709
3740
1931
2167
1932
2468
1933
2522
3157
3442
3612
3613
3611
1495
1353
1603
1735
2509
1289
2635
2731
1940
3424
2737
2735
3350
3438
3439
2682
3351
3437
3652
3674
3323
2680
2736
2685
2359
2380
3171
2742
2738
2741
2740
1486
2510
3493
3527
3571
3526
3615
3596
3458
3666
3595
3460
3519
3654
3574
2165
3518
3576
3514
3513
3582
3496
3575
3516
1752
1971
1951
3581
3498
3497
3468
3663
3588
3478
1952
1609
3579
3506
3505
3504
3503
3502
3770
2043
2033
1610
3363
1600
1237
3255
3042
3476
3475
2827
3081
3559
3745
3589
3474
3473
3655
3454
3580
2147
3500
3711
3297
3712
3593
3464
1608
3578
3508
1953
3583
3494
3687
1272
1273
3592
1274
3466
2828
3591
3469
3584
3491
3598
3450
3586
3487
3679
3678
2829
3573
3521
3572
2035
3524
3523
3594
3462
3585
3489
3762
3590
3471
3587
3653
3485
3483
3484
3482
3481
3480
3597
3456
3577
3510
3511
3697
2031
1916
1426
1917
1427
1833
1428
1834
1612
3235
2264
1449
1492
2849
1450
1821
3155
3668
3403
3404
3405
3406
3407
3408
3409
1708
1568
3257
2200
3154
1712
2160
2336
3340
3339
3338
3337
3417
3610
3112
2521
1706
2337
2506
3427
2750
2749
1239
1398
1399
1407
1423
1989
1424
1425
3726
2790
2791
1715
2115
1713
1947
2118
2792
2793
1737
2794
1945
1936
1946
1714
2795
2796
2512
1937
2797
1739
1736
2798
2799
2800
1738
2801
1786
2708
3698
3694
1589
1986
1787
2634
3564
1948
1231
3690
2413
3670
2850
2495
1746
1972
3107
1935
3548
2712
3335
2713
2714
2715
2716
1293
1749
2717
2718
2719
2720
2721
2722
1292
3075
2723
2724
2725
2726
1294
1974
2727
2728
2729
1544
2259
3111
3780
2642
1282
3750
3751
3619
1601
3430
2644
2651
2841
3322
1283
1281
3744
3436
1335
2860
2843
1302
2148
2667
1761
1769
1770
1891
1760
1767
1898
1903
1900
1899
1892
1902
1766
1768
1765
1764
1901
2645
2845
2844
2846
3277
3621
3692
1602
1277
1896
1897
2643
3397
2392
2059
1944
2339
2143
2116
2760
2759
2154
2271
2431
2502
3092
3094
3685
1212
1374
1304
2274
2757
3114
3268
1240
2038
2041
2042
3675
3677
3676
2053
1258
3100
1232
2501
3262
3159
2171
2062
1241
2108
3425
3671
3394
3395
1336
3225
3236
1362
1870
2231
2244
2451
2743
3669
2133
2132
1607
1242
2153
2230
2152
1560
1317
3769
2000
1315
2174
1318
2426
2425
1316
1327
1401
2447
1605
1604
2442
2203
1606
3135
3365
2620
3605
3741
3423
2320
2514
2465
2464
3765
2161
2463
1923
2675
2531
2503
3102
3156
2676
2262
1754
3116
3118
3117
1306
3119
3120
3122
3121
3123
3125
3124
3126
2507
1782
2119
1225
2354
1218
2347
1221
2349
1780
1781
1779
1217
1783
2356
2842
2772
1216
1778
2353
1224
2351
1228
2624
2811
3240
1226
2355
1223
2352
1220
2348
1229
1227
1219
1230
1222
2350
3557
3558
2462
2751
3782
1442
2085
2491
2518
2089
2090
1911
2088
2774
1999
2121
2776
2144
2145
2338
1623
1561
1644
3228
2066
2265
2064
2065
2773
2166
1819
2215
1649
1611
2520
1650
1267
1487
2621
2649
2650
3600
2808
2511
3273
3274
3275
3276
2430
2173
3230
1480
1620
1689
2223
2419
2779
2164
1364
2703
3617
2047
2050
1483
2420
1358
1619
1586
1588
1479
1688
2765
2780
1511
1512
1513
1514
2570
2163
1858
2058
1481
2421
3174
2702
2781
2789
1864
2036
2056
3202
3201
3205
3204
3219
3207
3208
3209
3217
3210
3211
3212
3218
3213
3214
3216
3215
3206
3223
3222
3220
1482
2387
2386
2389
2388
1895
2536
1359
3562
3098
2091
2052
1360
1421
1750
3173
2542
2540
1491
1478
2543
2539
2544
2061
2541
1909
2455
2460
2461
2686
1494
2412
1493
3681
3773
1571
2847
1707
1488
2057
